city,name,death,total,hurt
강원,강릉시,165,258,93
강원,고성군,56,200,144
강원,동해시,63,92,29
강원,삼척시,72,129,57
강원,속초시,51,73,22
강원,양구군,33,54,21
강원,양양군,61,115,54
강원,영월군,69,146,77
강원,원주시,238,395,157
강원,인제군,67,112,45
강원,정선군,51,98,47
강원,철원군,65,92,27
강원,춘천시,192,282,90
강원,태백시,45,65,20
강원,평창군,96,243,147
강원,홍천군,110,193,83
강원,화천군,27,39,12
강원,횡성군,100,163,63
경기,가평군,107,185,78
경기,고양시,359,557,198
경기,과천시,21,26,5
경기,광명시,81,113,32
경기,광주시,192,330,138
경기,구리시,58,96,38
경기,군포시,70,94,24
경기,김포시,189,292,103
경기,남양주시,293,450,157
경기,동두천시,73,123,50
경기,부천시,213,263,50
경기,성남시,288,471,183
경기,수원시,339,465,126
경기,시흥시,250,412,162
경기,안산시,306,546,240
경기,안성시,208,326,118
경기,안양시,174,281,107
경기,양주시,151,256,105
경기,양평군,135,199,64
경기,여주시,130,210,80
경기,연천군,59,86,27
경기,오산시,73,102,29
경기,용인시,359,717,358
경기,의왕시,47,90,43
경기,의정부시,145,220,75
경기,이천시,207,350,143
경기,파주시,226,346,120
경기,평택시,416,707,291
경기,포천시,209,325,116
경기,하남시,82,133,51
경기,화성시,435,720,285
경남,거제시,144,255,111
경남,거창군,89,117,28
경남,고성군,124,184,60
경남,김해시,302,426,124
경남,남해군,59,94,35
경남,밀양시,151,228,77
경남,사천시,117,161,44
경남,산청군,59,81,22
경남,양산시,176,262,86
경남,의령군,68,99,31
경남,진주시,262,398,136
경남,창녕군,133,200,67
경남,창원시(통합),538,714,176
경남,통영시,106,159,53
경남,하동군,86,129,43
경남,함안군,145,227,82
경남,함양군,79,131,52
경남,합천군,96,156,60
경북,경산시,235,371,136
경북,경주시,428,656,228
경북,고령군,82,131,49
경북,구미시,297,451,154
경북,군위군,84,149,65
경북,김천시,178,260,82
경북,문경시,106,204,98
경북,봉화군,48,69,21
경북,상주시,217,362,145
경북,성주군,103,157,54
경북,안동시,203,323,120
경북,영덕군,86,172,86
경북,영양군,24,31,7
경북,영주시,93,165,72
경북,영천시,175,272,97
경북,예천군,84,144,60
경북,울릉군,8,12,4
경북,울진군,75,109,34
경북,의성군,110,150,40
경북,청도군,99,135,36
경북,청송군,63,96,33
경북,칠곡군,169,253,84
경북,포항시,328,478,150
광주,광산구,202,292,90
광주,남구,97,130,33
광주,동구,48,92,44
광주,북구,200,331,131
광주,서구,143,195,52
대구,남구,53,61,8
대구,달서구,187,260,73
대구,달성군,178,280,102
대구,동구,168,272,104
대구,북구,198,324,126
대구,서구,107,126,19
대구,수성구,179,260,81
대구,중구,58,75,17
대전,대덕구,122,203,81
대전,동구,153,192,39
대전,서구,161,250,89
대전,유성구,141,206,65
대전,중구,107,137,30
부산,강서구,153,227,74
부산,금정구,75,116,41
부산,기장군,82,131,49
부산,남구,75,90,15
부산,동구,39,52,13
부산,동래구,63,108,45
부산,부산진구,54,71,17
부산,북구,77,99,22
부산,사상구,122,166,44
부산,사하구,97,134,37
부산,서구,39,64,25
부산,수영구,48,72,24
부산,연제구,48,62,14
부산,영도구,47,65,18
부산,중구,31,40,9
부산,진구,66,83,17
부산,해운대구,97,183,86
서울,강남구,143,213,70
서울,강동구,113,149,36
서울,강북구,82,143,61
서울,강서구,130,225,95
서울,관악구,111,139,28
서울,광진구,88,124,36
서울,구로구,112,192,80
서울,금천구,81,138,57
서울,노원구,95,137,42
서울,도봉구,72,87,15
서울,동대문구,131,159,28
서울,동작구,92,117,25
서울,마포구,115,161,46
서울,서대문구,83,124,41
서울,서초구,131,248,117
서울,성동구,68,80,12
서울,성북구,97,114,17
서울,송파구,138,229,91
서울,양천구,89,139,50
서울,영등포구,179,253,74
서울,용산구,87,119,32
서울,은평구,94,127,33
서울,종로구,72,87,15
서울,중구,67,102,35
서울,중랑구,71,93,22
세종,세종,133,183,50
울산,남구,154,240,86
울산,동구,64,90,26
울산,북구,102,209,107
울산,울주군,221,321,100
울산,중구,97,112,15
인천,강화군,80,109,29
인천,계양구,82,114,32
인천,남구,139,208,69
인천,남동구,162,250,88
인천,동구,26,36,10
인천,부평구,105,192,87
인천,서구,173,296,123
인천,연수구,106,151,45
인천,옹진군,25,34,9
인천,중구,90,159,69
전남,강진군,84,126,42
전남,고흥군,125,172,47
전남,곡성군,48,132,84
전남,광양시,146,232,86
전남,구례군,47,83,36
전남,나주시,207,339,132
전남,담양군,107,159,52
전남,목포시,143,185,42
전남,무안군,132,231,99
전남,보성군,124,189,65
전남,순천시,238,316,78
전남,신안군,74,124,50
전남,여수시,303,504,201
전남,영광군,109,172,63
전남,영암군,188,301,113
전남,완도군,67,96,29
전남,장성군,83,150,67
전남,장흥군,72,130,58
전남,진도군,70,93,23
전남,함평군,72,110,38
전남,해남군,162,242,80
전남,화순군,101,159,58
전북,고창군,123,210,87
전북,군산시,251,383,132
전북,김제시,177,250,73
전북,남원시,155,238,83
전북,무주군,57,134,77
전북,부안군,114,169,55
전북,순창군,82,124,42
전북,완주군,194,321,127
전북,익산시,281,402,121
전북,임실군,60,103,43
전북,장수군,41,56,15
전북,전주시,376,572,196
전북,정읍시,166,253,87
전북,진안군,52,72,20
제주,서귀포시,250,380,130
제주,제주시,363,570,207
충남,계룡시,12,13,1
충남,공주시,171,292,121
충남,금산군,91,140,49
충남,논산시,222,373,151
충남,당진시,272,433,161
충남,보령시,160,290,130
충남,부여군,142,195,53
충남,서산시,207,340,133
충남,서천군,107,181,74
충남,아산시,298,419,121
충남,연기군,7,9,2
충남,예산군,160,270,110
충남,천안시,396,682,286
충남,청양군,93,135,42
충남,태안군,134,205,71
충남,홍성군,153,226,73
충북,괴산군,104,174,70
충북,단양군,51,117,66
충북,보은군,83,132,49
충북,영동군,92,123,31
충북,옥천군,77,132,55
충북,음성군,192,349,157
충북,제천시,117,172,55
충북,증평군,29,42,13
충북,진천군,107,144,37
충북,청원군,104,171,67
충북,청주시,482,771,289
충북,충주시,255,475,220
